146	981
384	1219
87	922
443	1278
28	863
445	1280
118	953
11	846
123	958
539	1374
73	908
400	1235
168	1003
464	1299
479	1314
632	1467
177	1012
335	1170
37	872
798	1633
578	1413
717	1552
524	1359
487	1322
369	1204
204	1039
807	1642
79	914
103	938
762	1597
538	1373
49	884
391	1226
350	1185
574	1409
297	1132
731	1566
336	1171
453	1288
258	1093
158	993
636	1471
410	1245
490	1325
176	1011
14	849
150	985
561	1396
341	1176
764	1599
74	909
235	1070
749	1584
395	1230
560	1395
777	1612
279	1114
82	917
186	1021
530	1365
406	1241
100	935
284	1119
620	1455
782	1617
43	878
815	1650
187	1022
430	1265
822	1657
262	1097
825	1660
387	1222
319	1154
355	1190
56	891
238	1073
278	1113
363	1198
338	1173
439	1274
266	1101
128	963
604	1439
648	1483
289	1124
271	1106
136	971
596	1431
342	1177
791	1626
12	847
711	1546
263	1098
763	1598
451	1286
62	897
320	1155
314	1149
353	1188
154	989
454	1289
645	1480
670	1505
521	1356
481	1316
358	1193
705	1540
373	1208
712	1547
700	1535
285	1120
71	906
348	1183
507	1342
30	865
2	837
3	838
347	1182
646	1481
305	1140
554	1389
275	1110
770	1605
92	927
10	845
250	1085
233	1068
706	1541
24	859
523	1358
138	973
683	1518
109	944
809	1644
254	1089
641	1476
70	905
366	1201
580	1415
331	1166
333	1168
624	1459
390	1225
223	1058
368	1203
801	1636
392	1227
446	1281
340	1175
796	1631
475	1310
113	948
148	983
457	1292
349	1184
550	1385
627	1462
243	1078
508	1343
273	1108
236	1071
447	1282
394	1229
170	1005
622	1457
253	1088
247	1082
726	1561
517	1352
202	1037
676	1511
63	898
81	916
381	1216
486	1321
60	895
287	1122
308	1143
727	1562
157	992
68	903
281	1116
322	1157
228	1063
420	1255
504	1339
793	1628
80	915
404	1239
111	946
510	1345
785	1620
72	907
321	1156
1	836
205	1040
22	857
610	1445
633	1468
293	1128
241	1076
685	1520
468	1303
687	1522
769	1604
386	1221
264	1099
577	1412
32	867
93	928
609	1444
65	900
357	1192
192	1027
606	1441
736	1571
448	1283
469	1304
102	937
36	871
823	1658
741	1576
719	1554
261	1096
140	975
599	1434
558	1393
608	1443
327	1162
116	951
27	862
681	1516
272	1107
697	1532
401	1236
300	1135
4	839
432	1267
196	1031
701	1536
742	1577
688	1523
185	1020
360	1195
145	980
45	880
804	1639
433	1268
19	854
476	1311
178	1013
376	1211
821	1656
163	998
794	1629
819	1654
166	1001
34	869
127	962
51	886
101	936
735	1570
831	1666
553	1388
753	1588
396	1231
152	987
600	1435
229	1064
526	1361
78	913
799	1634
720	1555
677	1512
99	934
565	1400
755	1590
5	840
172	1007
84	919
522	1357
590	1425
121	956
828	1663
784	1619
242	1077
50	885
415	1250
313	1148
437	1272
8	843
269	1104
619	1454
203	1038
57	892
806	1641
559	1394
542	1377
248	1083
601	1436
324	1159
171	1006
105	940
768	1603
531	1366
696	1531
748	1583
829	1664
594	1429
642	1477
444	1279
805	1640
792	1627
551	1386
165	1000
598	1433
237	1072
426	1261
222	1057
398	1233
611	1446
214	1049
304	1139
795	1630
328	1163
679	1514
734	1569
576	1411
405	1240
288	1123
155	990
180	1015
552	1387
721	1556
413	1248
759	1594
372	1207
506	1341
503	1338
647	1482
438	1273
219	1054
211	1046
465	1300
492	1327
787	1622
129	964
326	1161
803	1638
351	1186
629	1464
746	1581
751	1586
239	1074
226	1061
771	1606
668	1503
597	1432
310	1145
557	1392
362	1197
332	1167
595	1430
408	1243
429	1264
570	1405
603	1438
227	1062
29	864
257	1092
556	1391
638	1473
339	1174
298	1133
779	1614
389	1224
183	1018
694	1529
280	1115
637	1472
215	1050
282	1117
775	1610
584	1419
323	1158
83	918
153	988
268	1103
786	1621
714	1549
754	1589
7	842
334	1169
182	1017
699	1534
425	1260
161	996
450	1285
758	1593
265	1100
549	1384
330	1165
173	1008
684	1519
745	1580
197	1032
344	1179
306	1141
485	1320
33	868
104	939
151	986
41	876
189	1024
460	1295
377	1212
194	1029
651	1486
232	1067
0	835
435	1270
224	1059
303	1138
133	968
589	1424
461	1296
345	1180
528	1363
724	1559
108	943
579	1414
572	1407
640	1475
442	1277
463	1298
89	924
46	881
388	1223
16	851
607	1442
260	1095
42	877
515	1350
167	1002
575	1410
583	1418
740	1575
97	932
571	1406
473	1308
276	1111
90	925
277	1112
698	1533
230	1065
135	970
739	1574
707	1542
325	1160
354	1189
69	904
470	1305
747	1582
832	1667
309	1144
737	1572
761	1596
728	1563
625	1460
757	1592
593	1428
588	1423
525	1360
744	1579
117	952
547	1382
77	912
115	950
343	1178
723	1558
536	1371
467	1302
790	1625
816	1651
295	1130
88	923
783	1618
494	1329
52	887
808	1643
766	1601
311	1146
409	1244
244	1079
814	1649
200	1035
95	930
428	1263
75	910
159	994
208	1043
25	860
367	1202
412	1247
375	1210
686	1521
356	1191
811	1646
813	1648
544	1379
365	1200
209	1044
516	1351
64	899
329	1164
772	1607
466	1301
573	1408
562	1397
86	921
797	1632
231	1066
626	1461
474	1309
511	1346
540	1375
649	1484
379	1214
110	945
383	1218
644	1479
548	1383
591	1426
582	1417
440	1275
760	1595
756	1591
9	844
732	1567
781	1616
21	856
715	1550
729	1564
434	1269
682	1517
493	1328
824	1659
417	1252
614	1449
174	1009
834	1669
826	1661
586	1421
718	1553
53	888
529	1364
399	1234
318	1153
179	1014
520	1355
255	1090
631	1466
382	1217
270	1105
602	1437
421	1256
44	879
217	1052
35	870
563	1398
482	1317
85	920
378	1213
776	1611
385	1220
767	1602
788	1623
564	1399
484	1319
245	1080
716	1551
695	1530
218	1053
778	1613
137	972
818	1653
416	1251
418	1253
702	1537
480	1315
181	1016
210	1045
592	1427
630	1465
55	890
114	949
820	1655
533	1368
169	1004
750	1585
535	1370
581	1416
134	969
708	1543
13	848
98	933
773	1608
817	1652
621	1456
618	1453
555	1390
532	1367
436	1271
541	1376
827	1662
393	1228
669	1504
206	1041
274	1109
212	1047
495	1330
431	1266
201	1036
567	1402
546	1381
527	1362
617	1452
612	1447
149	984
513	1348
221	1056
830	1665
650	1485
58	893
31	866
39	874
94	929
456	1291
234	1069
812	1647
543	1378
545	1380
76	911
780	1615
441	1276
15	850
66	901
673	1508
730	1565
290	1125
743	1578
616	1451
240	1075
38	873
6	841
709	1544
537	1372
674	1509
722	1557
193	1028
246	1081
833	1668
317	1152
738	1573
346	1181
164	999
299	1134
587	1422
364	1199
397	1232
307	1142
337	1172
256	1091
142	977
605	1440
458	1293
639	1474
156	991
225	1060
216	1051
96	931
259	1094
175	1010
23	858
615	1450
680	1515
534	1369
374	1209
407	1242
569	1404
40	875
315	1150
613	1448
402	1237
67	902
195	1030
518	1353
488	1323
371	1206
713	1548
184	1019
452	1287
725	1560
54	889
675	1510
